A : 5.517241379310345
B : 2.0689655172413794
C : 3.4482758620689653
D : 5.517241379310345
E : 2.7586206896551726
F : 5.517241379310345
G : 4.827586206896552
H : 9.655172413793103
I : 6.206896551724138
J : 6.206896551724138
K : 5.517241379310345
L : 2.7586206896551726
M : 1.3793103448275863
N : 1.3793103448275863
O : 2.0689655172413794
P : 1.3793103448275863
Q : 2.7586206896551726
R : 2.0689655172413794
S : 5.517241379310345
T : 2.0689655172413794
U : 5.517241379310345
V : 3.4482758620689653
W : 2.7586206896551726
X : 3.4482758620689653
Y : 2.7586206896551726
Z : 3.4482758620689653
Total characters: 145.0
Polyalphabetic cipher used.
Key Length = 8
I = 0.041571537290715374
